# Frame 0
000000 000000 000000 000000 000000 000000 000000 000000 000000 000004
000004 000000 000000 000004 000004 000000 000000 000000 000000 000004
000004 000010 000010 000010 000010 000020 000020 00000C 000000 000008
000008 00001C 00001C 000074 000074 000080 000080 000024 000028 0000A8
0000A8 0000A8 0000A8 00006C 00006C 000020 000020 00000C 000068 000018
000018 00000C 00000C 000008 000008 0000A4 0000A4 00002C 000064 0000A8
0000A8 000024 000024 000034 000034 000018 000018 000008 000034 000074
000074 000068 000068 00007C 00007C 000060 000060 000024 00002C 000060
000060 000058 000058 000034 000034 000038 000038 000010 00001C 00004C
00004C 000030 000030 000010 000010 00001C 00001C 000004 000000 000004

# Frame 1
000004 000000 000000 000004 000004 000000 000000 000000 000000 000004
000004 000000 000000 000004 000004 000000 000000 000000 000000 000000
000000 000014 000014 000014 000014 00001C 00001C 00000C 000000 000008
000008 00001C 00001C 000074 000074 000080 000080 000024 000030 000018
000018 0000AC 0000AC 00006C 00006C 000020 000020 00000C 00006C 000004
000004 000008 000008 000008 000008 0000A4 0000A4 00002C 000064 0000A8
0000A8 000024 000024 000034 000034 000018 000018 000008 000030 000074
000074 000068 000068 00007C 00007C 000060 000060 000024 00002C 000060
000060 000058 000058 000034 000034 000038 000038 000010 000020 00004C
00004C 000030 000030 000010 000010 00001C 00001C 000004 000000 000004

# Frame 2
000004 000000 000000 000004 000004 000000 000000 000000 000000 000004
000004 000000 000000 000004 000004 000000 000000 000000 000000 000008
000008 000014 000014 000014 000014 00001C 00001C 00000C 000000 000008
000008 00001C 00001C 000074 000074 000080 000080 000024 000038 000084
000084 000098 000098 00006C 00006C 000020 000020 00000C 00006C 0000AC
0000AC 000030 000030 000008 000008 0000A4 0000A4 00002C 000064 0000A8
0000A8 000024 000024 000034 000034 000018 000018 000008 000030 000074
000074 000068 000068 00007C 00007C 000060 000060 000024 00002C 000060
000060 000058 000058 000024 000024 000038 000038 000010 000020 00004C
00004C 000030 000030 000010 000010 00001C 00001C 000004 000000 000004

# Frame 3
000004 000000 000000 000004 000004 000000 000000 000000 000000 000004
000004 000000 000000 000004 000004 000000 000000 000000 000000 000008
000008 000014 000014 000014 000014 00001C 00001C 00000C 000000 000008
000008 00001C 00001C 000074 000074 000080 000080 000024 000038 0000A4
0000A4 0000A0 0000A0 00006C 00006C 000020 000020 00000C 000070 000088
000088 000028 000028 00006C 00006C 0000A0 0000A0 00002C 000064 0000A8
0000A8 000024 000024 000034 000034 000018 000018 000008 000030 000074
000074 000068 000068 00007C 00007C 000060 000060 000024 000030 000060
000060 000058 000058 000024 000024 000038 000038 000010 000020 00004C
00004C 000030 000030 000010 000010 00001C 00001C 000004 000000 000004

# Frame 4
000004 000000 000000 000004 000004 000000 000000 000000 000000 000004
000004 000000 000000 000004 000004 000000 000000 000000 000000 000008
000008 000014 000014 000014 000014 00001C 00001C 00000C 000000 000008
000008 00001C 00001C 000074 000074 000080 000080 000024 000044 000060
000060 000094 000094 00006C 00006C 000020 000020 00000C 000074 000058
000058 00001C 00001C 00006C 00006C 0000A0 0000A0 00002C 000064 000018
000018 000008 000008 000034 000034 000018 000018 000008 000030 00006C
00006C 000068 000068 00007C 00007C 00005C 00005C 000024 000028 000054
000054 000054 000054 00001C 00001C 000038 000038 000010 000020 000088
000088 000028 000028 000010 000010 00001C 00001C 000004 000000 000004

# Frame 5
000004 000000 000000 000004 000004 000000 000000 000000 000000 000004
000004 000000 000000 000004 000004 000000 000000 000000 000000 000008
000008 000014 000014 000014 000014 00001C 00001C 00000C 000000 000008
000008 00001C 00001C 000004 000004 00007C 00007C 000024 000058 000040
000040 0000A8 0000A8 000074 000074 000028 000028 00000C 000078 000010
000010 00000C 00000C 000060 000060 000094 000094 000030 000064 000090
000090 000020 000020 000034 000034 000018 000018 000008 00002C 000084
000084 00006C 00006C 000074 000074 000054 000054 000024 000028 000030
000030 00004C 00004C 000048 000048 00005C 00005C 000010 000018 00007C
00007C 000024 000024 000010 000010 00001C 00001C 000004 000000 000004

# Frame 6
000004 000000 000000 000004 000004 000000 000000 000000 000000 000004
000004 000000 000000 000004 000004 000000 000000 000000 000000 000008
000008 000014 000014 000014 000014 00001C 00001C 00000C 000000 000008
000008 000018 000018 000004 000004 00007C 00007C 000024 000060 000040
000040 0000A8 0000A8 000074 000074 000028 000028 00000C 000078 000074
000074 000024 000024 000060 000060 000094 000094 000030 000064 000060
000060 000018 000018 00003C 00003C 000020 000020 000008 000028 000090
000090 000070 000070 00007C 00007C 000050 000050 000020 00002C 00007C
00007C 000040 000040 000040 000040 000054 000054 000010 000014 000084
000084 000020 000020 000010 000010 00001C 00001C 000008 000000 000004

# Frame 7
000004 000000 000000 000004 000004 000000 000000 000000 000000 000004
000004 000000 000000 000004 000004 000000 000000 000000 000000 000008
000008 000014 000014 000014 000014 00001C 00001C 00000C 000000 000008
000008 000020 000020 000064 000064 000068 000068 000028 000064 000050
000050 0000A8 0000A8 000080 000080 000034 000034 00000C 000078 000054
000054 00001C 00001C 000060 000060 000094 000094 00002C 000064 00006C
00006C 000018 000018 00004C 00004C 000028 000028 000008 000024 000040
000040 00007C 00007C 00007C 00007C 000050 000050 000020 000028 000080
000080 000040 000040 000050 000050 000064 000064 00000C 000010 000060
000060 000018 000018 000010 000010 00001C 00001C 000008 000000 000004

# Frame 8
000004 000000 000000 000004 000004 000000 000000 000000 000000 000004
000004 000000 000000 000004 000004 000000 000000 000000 000000 000008
000008 000014 000014 000014 000014 00001C 00001C 00000C 000000 000008
000008 00001C 00001C 000074 000074 000078 000078 000028 000068 000038
000038 00008C 00008C 000088 000088 00003C 00003C 00000C 000074 00003C
00003C 000014 000014 000060 000060 000094 000094 00002C 000064 000018
000018 000008 000008 000044 000044 000028 000028 00000C 000024 0000A8
0000A8 000080 000080 000060 000060 000080 000080 00001C 00002C 00007C
00007C 00003C 00003C 000048 000048 000064 000064 00000C 00000C 000054
000054 000018 000018 000010 000010 00001C 00001C 000008 000000 000004

# Frame 9
000004 000000 000000 000004 000004 000000 000000 000000 000000 000004
000004 000000 000000 000004 000004 000000 000000 000000 000000 000008
000008 000014 000014 00001C 00001C 000024 000024 00000C 000000 000008
000008 000024 000024 00006C 00006C 000064 000064 000028 000070 0000A4
0000A4 0000A8 0000A8 000030 000030 00005C 00005C 000008 000068 00000C
00000C 000008 000008 000050 000050 00008C 00008C 00002C 000064 000024
000024 000008 000008 000050 000050 00002C 00002C 00000C 000024 000054
000054 000090 000090 000054 000054 000070 000070 000018 000030 000078
000078 00003C 00003C 000024 000024 000034 000034 00000C 000010 000088
000088 000010 000010 000010 000010 000020 000020 000008 000000 000004

# Frame 10
000004 000000 000000 000004 000004 000000 000000 000000 000000 000004
000004 000000 000000 000004 000004 000000 000000 000000 000000 000008
000008 000014 000014 000010 000010 000028 000028 00000C 000000 000008
000008 000024 000024 000008 000008 000084 000084 000028 000074 000034
000034 000088 000088 000050 000050 00004C 00004C 000008 000060 000098
000098 000028 000028 000040 000040 000078 000078 00002C 000064 000024
000024 000008 000008 000058 000058 000034 000034 00000C 000020 00001C
00001C 00009C 00009C 000038 000038 000044 000044 000018 000030 00006C
00006C 000038 000038 000074 000074 00005C 00005C 00000C 000010 000074
000074 000038 000038 000014 000014 000020 000020 000008 000000 000004

# Frame 11
000004 000000 000000 000004 000004 000000 000000 000000 000000 000004
000004 000000 000000 000004 000004 000000 000000 000000 000000 000008
000008 000014 000014 000010 000010 000028 000028 00000C 000000 000008
000008 00002C 00002C 000018 000018 000090 000090 000028 000070 000068
000068 0000B0 0000B0 000064 000064 000014 000014 000008 00005C 000078
000078 000020 000020 00002C 00002C 000068 000068 000028 000064 00003C
00003C 000010 000010 000070 000070 00004C 00004C 00000C 000020 0000B0
0000B0 000094 000094 000030 000030 00003C 00003C 000014 000034 000054
000054 00002C 00002C 000054 000054 000058 000058 00000C 000014 000054
000054 000034 000034 000014 000014 000020 000020 00000C 000000 000004

# Frame 12
000004 000000 000000 000004 000004 000000 000000 000000 000000 000004
000004 000000 000000 000004 000004 000000 000000 000000 000000 000008
000008 000014 000014 000008 000008 00002C 00002C 00000C 000000 000008
000008 000030 000030 000020 000020 00008C 00008C 000028 000064 000050
000050 0000A8 0000A8 000080 000080 000034 000034 000008 000068 000060
000060 000014 000014 000014 000014 000050 000050 000028 000060 00003C
00003C 000010 000010 000070 000070 00004C 00004C 00000C 00001C 000078
000078 00008C 00008C 000024 000024 000028 000028 000014 000034 00003C
00003C 000054 000054 000028 000028 000030 000030 00000C 000018 000048
000048 000030 000030 000014 000014 000018 000018 000010 000000 000004

# Frame 13
000004 000000 000000 000004 000004 000000 000000 000000 000000 000004
000004 000000 000000 000004 000004 000000 000000 000000 000000 000008
000008 000014 000014 000014 000014 000034 000034 00000C 000000 000008
000008 000038 000038 000050 000050 000068 000068 000024 000070 000038
000038 0000A4 0000A4 000088 000088 00003C 00003C 000008 000074 000078
000078 000030 000030 00000C 00000C 000050 000050 000028 000060 000028
000028 000014 000014 000008 000008 000054 000054 00000C 00001C 000048
000048 0000B4 0000B4 00007C 00007C 000084 000084 000014 000034 000030
000030 000050 000050 000068 000068 000044 000044 00000C 000020 00006C
00006C 000034 000034 000010 000010 00001C 00001C 000010 000000 000004

# Frame 14
000004 000000 000000 000004 000004 000000 000000 000000 000000 000004
000004 000000 000000 000004 000004 000000 000000 000000 000000 000008
000008 000014 000014 000014 000014 000034 000034 00000C 000000 000008
000008 000040 000040 00006C 00006C 000054 000054 000024 00007C 00005C
00005C 000090 000090 000088 000088 000038 000038 000008 00007C 000048
000048 000014 000014 00006C 00006C 00004C 00004C 000028 00005C 000010
000010 000010 000010 000008 000008 000054 000054 00000C 000018 0000A0
0000A0 0000A4 0000A4 000060 000060 00006C 00006C 000014 000034 000024
000024 00004C 00004C 000030 000030 000030 000030 00000C 000020 000038
000038 000010 000010 000010 000010 00001C 00001C 000010 000000 000004

# Frame 15
000004 000000 000000 000004 000004 000000 000000 000000 000000 000004
000004 000000 000000 000004 000004 000000 000000 000000 000000 000008
000008 000014 000014 000018 000018 000034 000034 00000C 000000 000008
000008 000050 000050 000014 000014 00006C 00006C 000020 000078 000060
000060 0000AC 0000AC 00002C 00002C 000050 000050 000004 00008C 00006C
00006C 00002C 00002C 000064 000064 000064 000064 000028 000060 000028
000028 000018 000018 000008 000008 000054 000054 00000C 000018 000040
000040 0000B4 0000B4 000044 000044 000048 000048 000014 000030 000030
000030 00004C 00004C 000018 000018 00005C 00005C 00000C 000024 000060
000060 000014 000014 000010 000010 00001C 00001C 000010 000000 000004

# Frame 16
000004 000000 000000 000004 000004 000000 000000 000000 000000 000004
000004 000000 000000 000004 000004 000000 000000 000000 000000 000008
000008 000014 000014 000018 000018 000034 000034 00000C 000000 000008
000008 000058 000058 000024 000024 000078 000078 00001C 000074 000048
000048 0000B0 0000B0 00003C 00003C 00005C 00005C 000004 000090 000064
000064 000018 000018 000054 000054 000054 000054 000028 000058 000040
000040 00001C 00001C 000004 000004 000048 000048 00000C 000018 000084
000084 00009C 00009C 000094 000094 000020 000020 000010 00002C 000030
000030 00004C 00004C 000070 000070 000058 000058 00000C 000028 000078
000078 00001C 00001C 000010 000010 00001C 00001C 000010 000000 000004

# Frame 17
000004 000000 000000 000004 000004 000000 000000 000000 000000 000004
000004 000000 000000 000004 000004 000000 000000 000000 000000 000008
000008 000014 000014 00001C 00001C 000038 000038 00000C 000000 000010
000010 000068 000068 000024 000024 000074 000074 000018 000080 000040
000040 0000B4 0000B4 00008C 00008C 000034 000034 000004 000094 000038
000038 000010 000010 000028 000028 00007C 00007C 000028 00005C 000088
000088 000030 000030 000004 000004 000048 000048 00000C 000018 00004C
00004C 0000A4 0000A4 000088 000088 000050 000050 000014 00002C 000038
000038 000048 000048 000018 000018 00004C 00004C 00000C 00002C 000078
000078 000018 000018 000010 000010 00001C 00001C 000010 000000 000004

# Frame 18
000004 000000 000000 000004 000004 000000 000000 000000 000000 000004
000004 000000 000000 000004 000004 000000 000000 000000 000000 000008
000008 000014 000014 00001C 00001C 00003C 00003C 00000C 000000 000038
000038 00004C 00004C 000018 000018 000074 000074 000014 000088 000094
000094 0000A8 0000A8 000068 000068 000010 000010 000004 000090 00006C
00006C 00002C 00002C 000028 000028 00007C 00007C 000028 000060 000058
000058 000014 000014 000068 000068 000038 000038 000008 000014 000064
000064 00008C 00008C 000080 000080 000048 000048 000014 00002C 000060
000060 00002C 00002C 000028 000028 000060 000060 00000C 00002C 000060
000060 000010 000010 000010 000010 00001C 00001C 000014 000000 000004

# Frame 19
000004 000000 000000 000004 000004 000000 000000 000000 000000 000004
000004 000000 000000 000004 000004 000000 000000 000000 000000 000008
000008 000014 000014 00001C 00001C 000040 000040 00000C 000008 000020
000020 000068 000068 000050 000050 000038 000038 000014 00008C 000090
000090 0000A4 0000A4 000068 000068 000010 000010 000004 000090 00006C
00006C 00002C 00002C 000064 000064 000078 000078 000028 00005C 00001C
00001C 00001C 00001C 000064 000064 000030 000030 000008 000018 000058
000058 000080 000080 00007C 00007C 000050 000050 000014 00002C 00006C
00006C 000030 000030 000020 000020 000058 000058 000008 00002C 000058
000058 000008 000008 000010 000010 000020 000020 000014 000000 000004

# Frame 20
000004 000000 000000 000004 000004 000000 000000 000000 000000 000004
000004 000000 000000 000004 000004 000000 000000 000000 000000 000008
000008 000014 000014 00001C 00001C 000040 000040 00000C 000014 000068
000068 000050 000050 000084 000084 000068 000068 000010 000094 000078
000078 00009C 00009C 000060 000060 000054 000054 000004 00008C 000060
000060 000020 000020 000028 000028 000034 000034 000024 00005C 000028
000028 00001C 00001C 000054 000054 000024 000024 000008 000018 000024
000024 000094 000094 000074 000074 00004C 00004C 000018 00002C 00003C
00003C 00003C 00003C 00001C 00001C 000044 000044 000008 000030 000058
000058 000008 000008 000010 000010 000020 000020 000014 000000 000004

# Frame 21
000004 000000 000000 000004 000004 000000 000000 000000 000000 000004
000004 000000 000000 000004 000004 000000 000000 000000 000000 000008
000008 00001C 00001C 00001C 00001C 000044 000044 00000C 000014 000084
000084 000058 000058 000040 000040 000050 000050 000010 000094 000060
000060 0000A0 0000A0 000074 000074 000020 000020 000000 000084 000060
000060 000010 000010 000068 000068 000088 000088 000024 00005C 00005C
00005C 000030 000030 00005C 00005C 000034 000034 000008 000018 000078
000078 000070 000070 000068 000068 000044 000044 000018 00002C 000024
000024 00004C 00004C 000070 000070 00004C 00004C 000008 000034 000060
000060 000008 000008 000010 000010 000020 000020 000014 000000 000004

# Frame 22
000004 000000 000000 000004 000004 000000 000000 000000 000000 000004
000004 000000 000000 000004 000004 000000 000000 000000 000000 000008
000008 00001C 00001C 00002C 00002C 000048 000048 00000C 000010 000084
000084 000050 000050 000064 000064 000054 000054 000010 000094 00002C
00002C 0000C8 0000C8 00008C 00008C 000038 000038 000000 000070 000084
000084 000028 000028 000030 000030 000054 000054 000024 000058 00008C
00008C 000044 000044 000074 000074 000044 000044 000008 000018 000090
000090 000070 000070 000060 000060 00003C 00003C 000018 00002C 000030
000030 000054 000054 000048 000048 000020 000020 000008 000034 00006C
00006C 000008 000008 000010 000010 000020 000020 000014 000000 000004

# Frame 23
000004 000000 000000 000004 000004 000000 000000 000000 000000 000004
000004 000000 000000 000004 000004 000000 000000 000000 000000 000008
000008 00001C 00001C 00002C 00002C 000048 000048 00000C 000014 000050
000050 00004C 00004C 000028 000028 000048 000048 000018 000090 00008C
00008C 0000AC 0000AC 000068 000068 000010 000010 000000 000060 000064
000064 000020 000020 00000C 00000C 000038 000038 000024 000054 000060
000060 000030 000030 000064 000064 000038 000038 000008 000020 0000AC
0000AC 00006C 00006C 000064 000064 00003C 00003C 000018 000024 000028
000028 000048 000048 00006C 00006C 000040 000040 000008 000034 00006C
00006C 000024 000024 000010 000010 000020 000020 000018 000000 000004

# Frame 24
000004 000000 000000 000004 000004 000000 000000 000000 000000 000004
000004 000000 000000 000004 000004 000000 000000 000000 000000 000008
000008 000018 000018 00002C 00002C 000048 000048 00000C 000018 000058
000058 000044 000044 000058 000058 000058 000058 00001C 000088 000080
000080 0000AC 0000AC 00003C 00003C 000050 000050 000000 000054 00003C
00003C 000014 000014 00004C 00004C 00007C 00007C 000024 000054 000044
000044 000040 000040 000060 000060 000030 000030 000008 000018 00004C
00004C 00006C 00006C 000064 000064 000040 000040 000018 000028 000060
000060 000044 000044 000014 000014 00002C 00002C 000008 000034 00003C
00003C 00001C 00001C 000010 000010 000024 000024 000018 000000 000004

# Frame 25
000004 000000 000000 000004 000004 000000 000000 000000 000000 000004
000004 000000 000000 000004 000004 000000 000000 000000 000000 000008
000008 000018 000018 00003C 00003C 000054 000054 00000C 00001C 00005C
00005C 000044 000044 000050 000050 000054 000054 000020 000080 00005C
00005C 0000D0 0000D0 00008C 00008C 000030 000030 000000 000050 00003C
00003C 000014 000014 000034 000034 00006C 00006C 000020 000058 000040
000040 000044 000044 000074 000074 000038 000038 000008 000018 000038
000038 00004C 00004C 00006C 00006C 00004C 00004C 00001C 000028 000040
000040 000044 000044 000030 000030 000044 000044 000008 000034 000050
000050 000010 000010 000008 000008 000020 000020 000018 000000 000004

# Frame 26
000004 000000 000000 000004 000004 000000 000000 000000 000000 000004
000004 000000 000000 000004 000004 000000 000000 000000 000000 000008
000008 000018 000018 00003C 00003C 00005C 00005C 00000C 000020 000050
000050 00003C 00003C 000040 000040 000050 000050 000024 000074 000020
000020 0000C4 0000C4 00006C 00006C 00000C 00000C 000000 000048 000050
000050 000004 000004 000028 000028 000058 000058 00001C 000058 000034
000034 00003C 00003C 000074 000074 000038 000038 000008 000018 000068
000068 000058 000058 000070 000070 000058 000058 00001C 00002C 00001C
00001C 000044 000044 000038 000038 000040 000040 000008 000030 000070
000070 000038 000038 000010 000010 000024 000024 000018 000000 000004

# Frame 27
000004 000000 000000 000004 000004 000000 000000 000000 000000 000004
000004 000000 000000 000004 000004 000000 000000 000000 000000 000008
000008 000018 000018 000058 000058 000064 000064 00000C 000020 000084
000084 00002C 00002C 000028 000028 000064 000064 000024 00006C 000024
000024 0000C8 0000C8 000050 000050 000044 000044 000004 000040 000028
000028 00000C 00000C 000020 000020 000050 000050 00001C 000054 00003C
00003C 00003C 00003C 000008 000008 000040 000040 000008 000018 000080
000080 000060 000060 000068 000068 000054 000054 00001C 00002C 000040
000040 00004C 00004C 000040 000040 000044 000044 000008 000030 000050
000050 000030 000030 000010 000010 000024 000024 000018 000000 000004

# Frame 28
000004 000000 000000 000004 000004 000000 000000 000000 000000 000004
000004 000000 000000 000004 000004 000000 000000 000000 000000 000008
000008 000018 000018 000060 000060 00006C 00006C 00000C 000020 000044
000044 000048 000048 000030 000030 000068 000068 000028 000060 000018
000018 0000C4 0000C4 000034 000034 000048 000048 000004 00003C 000040
000040 000010 000010 000018 000018 00003C 00003C 000018 000054 000044
000044 00003C 00003C 000004 000004 000040 000040 000008 000014 000094
000094 000064 000064 00005C 00005C 000044 000044 000020 000030 00004C
00004C 000050 000050 000040 000040 000040 000040 000008 000030 00006C
00006C 000038 000038 00000C 00000C 00001C 00001C 000018 000000 000004

# Frame 29
000004 000000 000000 000004 000004 000000 000000 000000 000000 000004
000004 000000 000000 000004 000004 000000 000000 000000 000000 000008
000008 00001C 00001C 000060 000060 00006C 00006C 00000C 000024 000054
000054 00001C 00001C 00006C 00006C 00007C 00007C 000024 000054 000024
000024 0000C8 0000C8 000084 000084 000024 000024 000004 000040 000040
000040 000014 000014 00000C 00000C 00003C 00003C 000018 000058 000080
000080 00001C 00001C 000014 000014 00004C 00004C 000008 000010 000010
000010 000048 000048 000028 000028 00005C 00005C 000020 000030 0000AC
0000AC 000068 000068 00003C 00003C 000024 000024 000008 00002C 000030
000030 00002C 00002C 00000C 00000C 00001C 00001C 000018 000000 000004

# Frame 30
000004 000000 000000 000004 000004 000000 000000 000000 000000 000004
000004 000000 000000 000004 000004 000000 000000 000000 000000 000008
000008 00001C 00001C 000060 000060 00006C 00006C 00000C 000020 000054
000054 000018 000018 000014 000014 000048 000048 000024 000048 000024
000024 0000CC 0000CC 000058 000058 00004C 00004C 000004 000040 000038
000038 000010 000010 000004 000004 00006C 00006C 000018 00005C 000028
000028 000028 000028 00001C 00001C 000050 000050 000008 00000C 000070
000070 00005C 00005C 000064 000064 000044 000044 000024 000034 000028
000028 000050 000050 000020 000020 000034 000034 000008 00002C 000060
000060 00001C 00001C 00000C 00000C 00001C 00001C 000018 000000 000004

# Frame 31
000004 000000 000000 000004 000004 000000 000000 000000 000000 000004
000004 000000 000000 000004 000004 000000 000000 000000 000000 000008
000008 00001C 00001C 000060 000060 00006C 00006C 00000C 000020 00006C
00006C 000018 000018 000058 000058 00005C 00005C 000020 000040 000078
000078 0000AC 0000AC 000048 000048 00003C 00003C 000004 000040 000064
000064 00001C 00001C 000060 000060 000058 000058 000018 000060 000038
000038 00002C 00002C 00001C 00001C 00004C 00004C 000008 00000C 000040
000040 000054 000054 000030 000030 000068 000068 000024 000038 000044
000044 00004C 00004C 000020 000020 000024 000024 000008 000028 000088
000088 000024 000024 00000C 00000C 00001C 00001C 000018 000000 000004

# Frame 32
000004 000000 000000 000004 000004 000000 000000 000000 000000 000004
000004 000000 000000 000004 000004 000000 000000 000000 000000 000008
000008 000018 000018 000058 000058 000070 000070 00000C 000020 000080
000080 000018 000018 000074 000074 00007C 00007C 00001C 000038 000068
000068 0000B8 0000B8 000024 000024 000050 000050 000000 000040 00007C
00007C 000024 000024 000054 000054 00004C 00004C 000018 000060 000038
000038 00002C 00002C 000038 000038 00006C 00006C 000008 00000C 000058
000058 000048 000048 000080 000080 000048 000048 000024 000034 000094
000094 000068 000068 000080 000080 00005C 00005C 000004 000028 000034
000034 00002C 00002C 00000C 00000C 00001C 00001C 000018 000000 000004

# Frame 33
000004 000000 000000 000004 000004 000000 000000 000000 000000 000004
000004 000000 000000 000004 000004 000000 000000 000000 000000 000008
000008 00001C 00001C 000048 000048 00006C 00006C 00000C 000020 00006C
00006C 000018 000018 000018 000018 000048 000048 000018 000034 000014
000014 0000B8 0000B8 000050 000050 000048 000048 000004 000040 000094
000094 00002C 00002C 00004C 00004C 00004C 00004C 000018 000064 000050
000050 000034 000034 000040 000040 000074 000074 000008 000014 0000AC
0000AC 00006C 00006C 00004C 00004C 000088 000088 000028 00003C 0000B8
0000B8 000078 000078 000088 000088 000060 000060 000008 000028 00007C
00007C 00003C 00003C 000004 000004 00001C 00001C 000018 000000 000004

# Frame 34
000004 000000 000000 000004 000004 000000 000000 000000 000000 000004
000004 000000 000000 000004 000004 000000 000000 000000 000000 000008
000008 00001C 00001C 000048 000048 000068 000068 000008 00001C 00005C
00005C 000018 000018 000018 000018 00005C 00005C 000014 00002C 000030
000030 0000B8 0000B8 000064 000064 000008 000008 000004 000040 000070
000070 000008 000008 000040 000040 000034 000034 000018 000064 000074
000074 00003C 00003C 000040 000040 000074 000074 000008 000014 0000A4
0000A4 00006C 00006C 000080 000080 000050 000050 00002C 00003C 00004C
00004C 000060 000060 000088 000088 000050 000050 000008 000024 00004C
00004C 00002C 00002C 000004 000004 00001C 00001C 000018 000000 000004

# Frame 35
000004 000000 000000 000004 000004 000000 000000 000000 000000 000004
000004 000000 000000 000004 000004 000000 000000 000000 000000 000008
000008 000024 000024 000044 000044 00006C 00006C 00000C 000018 000088
000088 00003C 00003C 00004C 00004C 000068 000068 000014 00002C 000060
000060 0000B0 0000B0 00007C 00007C 000020 000020 000004 00003C 00002C
00002C 000014 000014 000038 000038 00002C 00002C 000018 000064 000044
000044 000018 000018 00004C 00004C 000034 000034 00000C 000018 0000A4
0000A4 000068 000068 000044 000044 000094 000094 00002C 000040 00002C
00002C 000060 000060 000074 000074 000040 000040 000008 000024 000020
000020 000020 000020 000004 000004 00001C 00001C 000018 000000 000004

# Frame 36
000004 000000 000000 000004 000004 000000 000000 000000 000000 000004
000004 000000 000000 000004 000004 000000 000000 000000 000000 000008
000008 000020 000020 000024 000024 000060 000060 00000C 000018 000040
000040 00002C 00002C 000054 000054 000068 000068 000010 000028 000070
000070 0000C8 0000C8 00007C 00007C 00002C 00002C 000004 000038 00002C
00002C 000014 000014 000030 000030 000074 000074 000018 000068 000068
000068 000020 000020 000054 000054 000044 000044 000008 000018 0000A0
0000A0 000064 000064 000024 000024 000078 000078 00002C 000040 000004
000004 000080 000080 000060 000060 000028 000028 000008 000020 000070
000070 000018 000018 000000 000000 00001C 00001C 000018 000000 000004

# Frame 37
000004 000000 000000 000004 000004 000000 000000 000000 000000 000004
000004 000000 000000 000004 000004 000000 000000 000000 000000 000008
000008 000020 000020 000034 000034 000068 000068 00000C 000014 00004C
00004C 000024 000024 00004C 00004C 000058 000058 000010 000028 00005C
00005C 0000C0 0000C0 000078 000078 000030 000030 000004 000030 00003C
00003C 00001C 00001C 000030 000030 000074 000074 000018 000068 000080
000080 000028 000028 000060 000060 00004C 00004C 00000C 00001C 000074
000074 00005C 00005C 000010 000010 000058 000058 00002C 00003C 00007C
00007C 000074 000074 000050 000050 000030 000030 000008 000020 00007C
00007C 000018 000018 000000 000000 00001C 00001C 000018 000000 000004

# Frame 38
000004 000000 000000 000004 000004 000000 000000 000000 000000 000004
000004 000000 000000 000004 000004 000000 000000 000000 000000 000008
000008 000020 000020 000034 000034 000068 000068 00000C 000010 000074
000074 000040 000040 00003C 00003C 00004C 00004C 000010 000028 00004C
00004C 0000B4 0000B4 000078 000078 000030 000030 000004 000024 000048
000048 00001C 00001C 000028 000028 000070 000070 000018 000068 000018
000018 000024 000024 000060 000060 00004C 00004C 00000C 000020 000050
000050 000050 000050 000060 000060 000060 000060 00002C 00003C 000024
000024 00008C 00008C 00002C 00002C 000058 000058 000008 000024 000084
000084 00001C 00001C 000008 000008 000020 000020 000018 000000 000004

# Frame 39
000004 000000 000000 000004 000004 000000 000000 000000 000000 000004
000004 000000 000000 000004 000004 000000 000000 000000 000000 000008
000008 000020 000020 00003C 00003C 00006C 00006C 000010 00000C 000038
000038 000038 000038 000044 000044 00003C 00003C 00000C 000028 00005C
00005C 0000B0 0000B0 000060 000060 000018 000018 000004 000024 00005C
00005C 000024 000024 000028 000028 00006C 00006C 000018 000068 00003C
00003C 000028 000028 000000 000000 000050 000050 000008 000020 000050
000050 000040 000040 00001C 00001C 000074 000074 00002C 00003C 00005C
00005C 000070 000070 000068 000068 00001C 00001C 00000C 000028 00005C
00005C 00002C 00002C 000008 000008 000020 000020 000018 000000 000004

# Frame 40
000004 000000 000000 000004 000004 000000 000000 000000 000000 000004
000004 000000 000000 000004 000004 000000 000000 000000 000000 000008
000008 000020 000020 000034 000034 000064 000064 000010 000008 000048
000048 000028 000028 000018 000018 000038 000038 00000C 000028 00005C
00005C 0000A4 0000A4 000050 000050 000008 000008 000004 000020 000074
000074 000028 000028 000028 000028 00006C 00006C 000018 000068 000048
000048 000028 000028 000010 000010 000028 000028 000008 000020 000058
000058 000054 000054 00001C 00001C 000074 000074 00002C 00003C 0000A4
0000A4 000080 000080 000028 000028 000050 000050 00000C 000028 000054
000054 000010 000010 000000 000000 00001C 00001C 000018 000000 000004

# Frame 41
000004 000000 000000 000004 000004 000000 000000 000000 000000 000004
000004 000000 000000 000004 000004 000000 000000 000000 000000 000008
000008 000020 000020 000034 000034 000068 000068 000014 000004 000010
000010 00003C 00003C 000044 000044 000038 000038 00000C 000028 000068
000068 0000A4 0000A4 000050 000050 000008 000008 000004 000020 000074
000074 000028 000028 000024 000024 00006C 00006C 000018 000064 000020
000020 000020 000020 000018 000018 000030 000030 000008 000020 000020
000020 000048 000048 00001C 00001C 000074 000074 00002C 000038 0000BC
0000BC 000088 000088 000028 000028 000050 000050 000008 000024 000028
000028 000020 000020 000000 000000 000010 000010 000014 000000 000004

# Frame 42
000004 000000 000000 000004 000004 000000 000000 000000 000000 000004
000004 000000 000000 000004 000004 000000 000000 000000 000000 000008
000008 000020 000020 000034 000034 00006C 00006C 000018 000004 00000C
00000C 00003C 00003C 000050 000050 000044 000044 000010 000028 000064
000064 000080 000080 00004C 00004C 000008 000008 000004 000020 000048
000048 000020 000020 000024 000024 00006C 00006C 000018 000060 000054
000054 000000 000000 00001C 00001C 000034 000034 000008 000020 000038
000038 00004C 00004C 000024 000024 00007C 00007C 00002C 000038 0000BC
0000BC 000084 000084 00008C 00008C 000040 000040 000008 000028 000058
000058 00002C 00002C 000000 000000 000010 000010 000014 000000 000004

# Frame 43
000004 000000 000000 000004 000004 000000 000000 000000 000000 000004
000004 000000 000000 000004 000004 000000 000000 000000 000000 000008
000008 000020 000020 000034 000034 000070 000070 00001C 000004 000008
000008 000030 000030 000024 000024 00004C 00004C 000010 00002C 00007C
00007C 00007C 00007C 000040 000040 000048 000048 000004 000020 000044
000044 000020 000020 000024 000024 000068 000068 000014 00006C 000018
000018 00001C 00001C 00001C 00001C 000034 000034 000008 00001C 00005C
00005C 000054 000054 000024 000024 000078 000078 00002C 000034 0000B0
0000B0 000084 000084 00008C 00008C 000040 000040 000008 000024 000070
000070 000030 000030 000000 000000 000010 000010 000014 000000 000004

# Frame 44
000004 000000 000000 000004 000004 000000 000000 000000 000000 000004
000004 000000 000000 000004 000004 000000 000000 000000 000000 000008
000008 000020 000020 000034 000034 000074 000074 000020 000004 000008
000008 00002C 00002C 00001C 00001C 000044 000044 000014 00002C 00007C
00007C 00007C 00007C 00003C 00003C 000048 000048 000004 000020 00006C
00006C 000028 000028 000014 000014 00005C 00005C 000018 000068 000024
000024 000020 000020 000034 000034 00004C 00004C 000008 000020 00005C
00005C 000054 000054 000034 000034 000084 000084 00002C 000030 0000A4
0000A4 000080 000080 00008C 00008C 00003C 00003C 000008 000024 000060
000060 000014 000014 000000 000000 000010 000010 000014 000000 000004

# Frame 45
000004 000000 000000 000004 000004 000000 000000 000000 000000 000004
000004 000000 000000 000004 000004 000000 000000 000000 000000 000008
000008 000020 000020 000034 000034 000078 000078 000020 000004 000008
000008 00002C 00002C 00001C 00001C 000048 000048 000014 00002C 00007C
00007C 000078 000078 000044 000044 000048 000048 000004 000020 00006C
00006C 000028 000028 000014 000014 00005C 00005C 000018 000064 000018
000018 00001C 00001C 000010 000010 000028 000028 000008 000020 000080
000080 000060 000060 000034 000034 000080 000080 00002C 000030 000014
000014 00008C 00008C 000060 000060 000014 000014 000008 000024 000060
000060 000014 000014 000000 000000 000010 000010 000014 000000 000004

# Frame 46
000004 000000 000000 000004 000004 000000 000000 000000 000000 000004
000004 000000 000000 000004 000004 000000 000000 000000 000000 000008
000008 000020 000020 000034 000034 000078 000078 000020 000004 00000C
00000C 000030 000030 000010 000010 000038 000038 000014 00002C 00002C
00002C 000080 000080 000044 000044 000048 000048 000004 000024 00006C
00006C 000028 000028 000014 000014 00005C 00005C 000018 000068 000064
000064 000014 000014 000010 000010 000024 000024 000008 000024 000080
000080 000060 000060 000034 000034 000080 000080 000028 000030 000008
000008 000088 000088 00005C 00005C 00000C 00000C 000008 000024 00001C
00001C 000020 000020 000000 000000 000010 000010 000014 000000 000004

# Frame 47
000004 000000 000000 000004 000004 000000 000000 000000 000000 000004
000004 000000 000000 000004 000004 000000 000000 000000 000000 000008
000008 000020 000020 000024 000024 000078 000078 000020 000004 000008
000008 00002C 00002C 000010 000010 000038 000038 000014 000030 00002C
00002C 000080 000080 000034 000034 000068 000068 000004 000028 000074
000074 000024 000024 000014 000014 00005C 00005C 000018 000064 00009C
00009C 000008 000008 000010 000010 000024 000024 000008 000028 00007C
00007C 000058 000058 000030 000030 000080 000080 000028 000030 0000BC
0000BC 000084 000084 00005C 00005C 00000C 00000C 000008 000024 00001C
00001C 000024 000024 000004 000004 000010 000010 000014 000000 000004

# Frame 48
000004 000000 000000 000004 000004 000000 000000 000000 000000 000004
000004 000000 000000 000004 000004 000000 000000 000000 000000 000008
000008 000020 000020 000024 000024 000078 000078 000020 000004 000008
000008 000030 000030 000010 000010 000038 000038 000014 000030 00002C
00002C 000080 000080 000034 000034 000068 000068 000004 000028 000074
000074 000024 000024 000014 000014 00005C 00005C 000018 000060 00009C
00009C 000008 000008 000010 000010 000024 000024 000008 00002C 000030
000030 00004C 00004C 00002C 00002C 000080 000080 000028 000030 0000B0
0000B0 000084 000084 00005C 00005C 00000C 00000C 000008 000024 00001C
00001C 000028 000028 000004 000004 000010 000010 000014 000000 000004

# Frame 49
000004 000000 000000 000004 000004 000000 000000 000000 000000 000004
000004 000000 000000 000004 000004 000000 000000 000000 000000 000008
000008 000020 000020 000024 000024 000078 000078 000020 000008 000008
000008 000034 000034 00001C 00001C 000038 000038 000014 000030 000044
000044 000084 000084 000034 000034 000068 000068 000004 00002C 000074
000074 000024 000024 000014 000014 00005C 00005C 000018 000060 00009C
00009C 000008 000008 000010 000010 000024 000024 000008 000030 000030
000030 00004C 00004C 00002C 00002C 000084 000084 000028 00002C 0000A4
0000A4 000080 000080 00005C 00005C 00000C 00000C 000008 000024 00001C
00001C 00002C 00002C 000004 000004 000010 000010 000014 000000 000004

# Frame 50
000004 000000 000000 000004 000004 000000 000000 000000 000000 000004
000004 000000 000000 000004 000004 000000 000000 000000 000000 000008
000008 000020 000020 000024 000024 000074 000074 00001C 000008 000004
000004 000030 000030 00001C 00001C 000038 000038 000014 000030 000070
000070 0000A0 0000A0 000034 000034 000068 000068 000004 00002C 0000A0
0000A0 00002C 00002C 000014 000014 00005C 00005C 000018 000058 000080
000080 00001C 00001C 000010 000010 000024 000024 000008 000030 000030
000030 00004C 00004C 00002C 00002C 000084 000084 000028 000028 000044
000044 000098 000098 00005C 00005C 00000C 00000C 000008 000024 00001C
00001C 00002C 00002C 000004 000004 000010 000010 000014 000000 000004

# Frame 51
000004 000000 000000 000004 000004 000000 000000 000000 000000 000004
000004 000000 000000 000004 000004 000000 000000 000000 000000 000008
000008 000020 000020 000024 000024 000070 000070 000018 00000C 000008
000008 000038 000038 000050 000050 000050 000050 000010 000030 000070
000070 0000A4 0000A4 000034 000034 000068 000068 000004 00002C 0000A0
0000A0 00002C 00002C 000014 000014 00005C 00005C 000018 000058 000080
000080 00001C 00001C 000010 000010 000024 000024 000008 000034 000040
000040 00003C 00003C 000038 000038 000090 000090 00002C 000028 00002C
00002C 000090 000090 000060 000060 000024 000024 000008 000020 00001C
00001C 000030 000030 000004 000004 000010 000010 000014 000000 000004

# Frame 52
000004 000000 000000 000004 000004 000000 000000 000000 000000 000004
000004 000000 000000 000004 000004 000000 000000 000000 000000 000008
000008 000020 000020 000024 000024 000068 000068 000010 00000C 00000C
00000C 000040 000040 000018 000018 00003C 00003C 000010 00002C 00000C
00000C 00007C 00007C 000034 000034 00006C 00006C 000004 000034 0000A0
0000A0 00002C 00002C 000014 000014 00005C 00005C 000018 000050 000050
000050 000000 000000 00001C 00001C 000034 000034 000008 000034 0000AC
0000AC 00003C 00003C 000030 000030 00008C 00008C 00002C 000024 000020
000020 000088 000088 000034 000034 000058 000058 000008 000020 00001C
00001C 000034 000034 000008 000008 000014 000014 000014 000000 000004

# Frame 53
000004 000000 000000 000004 000004 000000 000000 000000 000000 000004
000004 000000 000000 000004 000004 000000 000000 000000 000000 000008
000008 000020 000020 000024 000024 000068 000068 000010 000010 000024
000024 00001C 00001C 000070 000070 000064 000064 00000C 00002C 00001C
00001C 000088 000088 000038 000038 00006C 00006C 000004 00003C 0000A0
0000A0 00002C 00002C 000014 000014 00005C 00005C 000018 00004C 000024
000024 000020 000020 000000 000000 000044 000044 000008 000034 000024
000024 000048 000048 000048 000048 000054 000054 00002C 000020 00008C
00008C 000078 000078 000054 000054 000014 000014 000008 000020 00004C
00004C 000040 000040 000008 000008 000010 000010 000014 000000 000004

# Frame 54
000004 000000 000000 000004 000004 000000 000000 000000 000000 000004
000004 000000 000000 000004 000004 000000 000000 000000 000000 000008
000008 000020 000020 000034 000034 000060 000060 00000C 000014 00006C
00006C 00002C 00002C 000030 000030 000048 000048 00000C 00002C 00001C
00001C 000094 000094 000040 000040 000048 000048 000004 00003C 0000A0
0000A0 00002C 00002C 000014 000014 000064 000064 000018 000048 000074
000074 000018 000018 000000 000000 000044 000044 000008 000034 00009C
00009C 000068 000068 000058 000058 000064 000064 00002C 000020 000050
000050 000070 000070 000020 000020 000060 000060 000008 000020 000024
000024 000038 000038 000008 000008 000014 000014 000014 000000 000004

# Frame 55
000004 000000 000000 000004 000004 000000 000000 000000 000000 000004
000004 000000 000000 000004 000004 000000 000000 000000 000000 000008
000008 000020 000020 000034 000034 00005C 00005C 000008 000014 000068
000068 00003C 00003C 000054 000054 000044 000044 000008 000028 000010
000010 000098 000098 000048 000048 00004C 00004C 000004 00003C 000094
000094 000028 000028 00001C 00001C 000070 000070 000018 000044 00008C
00008C 00000C 00000C 000060 000060 000078 000078 000008 000034 00004C
00004C 000054 000054 000074 000074 000058 000058 00002C 00001C 000004
000004 000088 000088 000060 000060 000028 000028 000008 000020 000060
000060 00002C 00002C 000008 000008 000014 000014 000014 000000 000004

# Frame 56
000004 000000 000000 000004 000004 000000 000000 000000 000000 000004
000004 000000 000000 000004 000004 000000 000000 000000 000000 000008
000008 000020 000020 000034 000034 00005C 00005C 000008 000018 000030
000030 000020 000020 000014 000014 000030 000030 00000C 000024 000078
000078 0000A0 0000A0 000054 000054 000008 000008 000004 00003C 000088
000088 000024 000024 000030 000030 000078 000078 00001C 000044 000060
000060 000000 000000 000040 000040 000060 000060 000008 000034 000058
000058 000058 000058 000018 000018 000070 000070 00002C 00001C 000038
000038 000064 000064 000078 000078 000040 000040 000004 000020 00007C
00007C 000050 000050 000008 000008 000014 000014 000018 000000 000004

# Frame 57
000004 000000 000000 000004 000004 000000 000000 000000 000000 000004
000004 000000 000000 000004 000004 000000 000000 000000 000000 000008
000008 000020 000020 000034 000034 000058 000058 000008 00001C 000068
000068 000024 000024 000040 000040 00002C 00002C 00000C 000024 000074
000074 0000A4 0000A4 00005C 00005C 000010 000010 000004 00003C 00006C
00006C 00001C 00001C 000030 000030 000078 000078 00001C 000040 000024
000024 00001C 00001C 000040 000040 000060 000060 000008 000034 000058
000058 000058 000058 000024 000024 00007C 00007C 00002C 00001C 000004
000004 000080 000080 000024 000024 000064 000064 000004 000024 00004C
00004C 000044 000044 000008 000008 000010 000010 000014 000000 000004

# Frame 58
000004 000000 000000 000004 000004 000000 000000 000000 000000 000004
000004 000000 000000 000004 000004 000000 000000 000000 000000 000008
000008 000020 000020 000034 000034 000058 000058 000008 000020 000068
000068 000024 000024 000018 000018 000038 000038 00000C 000020 0000A8
0000A8 0000A8 0000A8 000054 000054 00000C 00000C 000004 000038 000054
000054 00001C 00001C 00004C 00004C 000040 000040 00001C 00003C 000054
000054 00000C 00000C 000034 000034 00004C 00004C 000008 000034 000064
000064 00005C 00005C 000044 000044 00004C 00004C 00002C 000020 000040
000040 00005C 00005C 000034 000034 000030 000030 000004 000024 00005C
00005C 000048 000048 000008 000008 000014 000014 000018 000000 000004

# Frame 59
000004 000000 000000 000004 000004 000000 000000 000000 000000 000004
000004 000000 000000 000004 000004 000000 000000 000000 000000 000008
000008 000020 000020 000034 000034 000058 000058 000008 00001C 000068
000068 000024 000024 000068 000068 00005C 00005C 000010 00001C 000084
000084 0000A8 0000A8 000050 000050 00004C 00004C 000004 000034 000044
000044 000018 000018 00005C 00005C 000044 000044 00001C 000038 000064
000064 000024 000024 000034 000034 00004C 00004C 000008 000034 000060
000060 000060 000060 000080 000080 00005C 00005C 000028 000024 000094
000094 000074 000074 000048 000048 000018 000018 000004 000028 000084
000084 00003C 00003C 000028 000028 000030 000030 000014 000000 000004

# Frame 60
000004 000000 000000 000004 000004 000000 000000 000000 000000 000004
000004 000000 000000 000004 000004 000000 000000 000000 000000 000008
000008 000020 000020 000034 000034 000058 000058 000008 00001C 000068
000068 000020 000020 000034 000034 000060 000060 000014 00001C 000064
000064 0000D0 0000D0 000048 000048 000048 000048 000004 000030 000024
000024 00000C 00000C 000068 000068 000054 000054 000018 000034 000090
000090 000014 000014 000018 000018 000044 000044 000008 000034 00008C
00008C 000068 000068 00004C 00004C 000050 000050 000028 000024 000040
000040 00005C 00005C 000024 000024 000028 000028 000004 00002C 000034
000034 000044 000044 000034 000034 000048 000048 000018 000000 000004

# Frame 61
000004 000000 000000 000004 000004 000000 000000 000000 000000 000004
000004 000000 000000 000004 000004 000000 000000 000000 000000 000008
000008 000020 000020 00002C 00002C 000054 000054 000008 00001C 00005C
00005C 00001C 00001C 00003C 00003C 000040 000040 00001C 000018 000048
000048 0000CC 0000CC 000038 000038 000060 000060 000000 00002C 000010
000010 000008 000008 000068 000068 000050 000050 000018 000028 00003C
00003C 000004 000004 000018 000018 00003C 00003C 000008 000034 0000A4
0000A4 000070 000070 000018 000018 000064 000064 000024 000024 000094
000094 00006C 00006C 000064 000064 00004C 00004C 000004 00002C 000090
000090 000040 000040 000044 000044 000058 000058 00001C 000000 000004

# Frame 62
000004 000000 000000 000004 000004 000000 000000 000000 000000 000004
000004 000000 000000 000004 000004 000000 000000 000000 000000 000008
000008 000020 000020 00002C 00002C 000050 000050 00000C 000018 000048
000048 00001C 00001C 000030 000030 000064 000064 000020 000014 000018
000018 0000C8 0000C8 000068 000068 00001C 00001C 000000 00002C 000044
000044 000018 000018 000004 000004 000060 000060 000018 00002C 000028
000028 000018 000018 000010 000010 00003C 00003C 000008 000034 00003C
00003C 000054 000054 000044 000044 000044 000044 000024 000028 000014
000014 000050 000050 000080 000080 000068 000068 000004 00002C 000028
000028 000044 000044 000058 000058 00006C 00006C 000018 000000 000004

# Frame 63
000004 000000 000000 000004 000004 000000 000000 000000 000000 000004
000004 000000 000000 000004 000004 000000 000000 000000 000000 000008
000008 000020 000020 000024 000024 00004C 00004C 00000C 000018 000030
000030 000018 000018 000018 000018 000050 000050 000024 000014 000088
000088 0000B8 0000B8 000024 000024 00004C 00004C 000000 000028 00005C
00005C 000020 000020 000004 000004 000040 000040 000018 00002C 000070
000070 000008 000008 000010 000010 000038 000038 000008 000034 000084
000084 000064 000064 000064 000064 00003C 00003C 000020 000030 000080
000080 000064 000064 000020 000020 000034 000034 000004 000028 000028
000028 000044 000044 000068 000068 00002C 00002C 000018 000000 000004

# Frame 64
000004 000000 000000 000004 000004 000000 000000 000000 000000 000004
000004 000000 000000 000004 000004 000000 000000 000000 000000 000008
000008 000020 000020 000024 000024 00004C 00004C 00000C 000014 000074
000074 000040 000040 00006C 00006C 000080 000080 000028 000010 000068
000068 0000BC 0000BC 00002C 00002C 000058 000058 000000 000028 000074
000074 000024 000024 000018 000018 00004C 00004C 000018 00002C 000040
000040 00001C 00001C 000008 000008 000040 000040 000008 000038 000048
000048 000058 000058 000018 000018 000060 000060 000020 000034 000044
000044 000058 000058 000058 000058 00004C 00004C 000004 000028 000090
000090 000040 000040 000010 000010 00003C 00003C 000018 000000 000004

# Frame 65
000004 000000 000000 000004 000004 000000 000000 000000 000000 000004
000004 000000 000000 000004 000004 000000 000000 000000 000000 000008
000008 00001C 00001C 000024 000024 000048 000048 00000C 000014 000074
000074 000040 000040 000020 000020 000060 000060 000028 00000C 000034
000034 0000B0 0000B0 00002C 00002C 000058 000058 000000 00002C 000098
000098 00002C 00002C 000020 000020 000050 000050 000018 000034 000044
000044 00002C 00002C 000070 000070 000038 000038 000008 000038 00005C
00005C 000048 000048 000018 000018 00005C 00005C 00001C 000034 000050
000050 000044 000044 000074 000074 000030 000030 000008 00002C 000084
000084 000040 000040 000010 000010 00003C 00003C 000018 000000 000004

# Frame 66
000004 000000 000000 000004 000004 000000 000000 000000 000000 000004
000004 000000 000000 000004 000004 000000 000000 000000 000000 000008
000008 00001C 00001C 00002C 00002C 000050 000050 00000C 000014 000050
000050 000048 000048 000030 000030 000068 000068 000028 000008 000034
000034 0000AC 0000AC 000060 000060 000010 000010 000000 000020 0000A0
0000A0 000000 000000 000030 000030 000064 000064 00001C 00003C 000044
000044 00002C 00002C 000070 000070 000044 000044 000008 000040 000050
000050 000048 000048 000040 000040 000084 000084 00001C 000038 000074
000074 000064 000064 000038 000038 00004C 00004C 000008 00002C 000078
000078 00003C 00003C 000020 000020 000048 000048 000018 000000 000004

# Frame 67
000004 000000 000000 000004 000004 000000 000000 000000 000000 000004
000004 000000 000000 000004 000004 000000 000000 000000 000000 000008
000008 00001C 00001C 00002C 00002C 000050 000050 00000C 00000C 00006C
00006C 000044 000044 000014 000014 000048 000048 000024 000008 000028
000028 0000A8 0000A8 000090 000090 000044 000044 000000 000020 0000AC
0000AC 000004 000004 00004C 00004C 000074 000074 00001C 00003C 00006C
00006C 000028 000028 000070 000070 00003C 00003C 000008 000044 0000AC
0000AC 00006C 00006C 000054 000054 00004C 00004C 00001C 000038 000028
000028 000058 000058 00006C 00006C 000034 000034 000008 000028 000064
000064 000034 000034 000054 000054 000044 000044 000018 000000 000004

# Frame 68
000004 000000 000000 000004 000004 000000 000000 000000 000000 000004
000004 000000 000000 000004 000004 000000 000000 000000 000000 000008
000008 00001C 00001C 00002C 00002C 000050 000050 00000C 000008 000040
000040 000048 000048 00000C 00000C 000080 000080 00001C 000008 000030
000030 0000A8 0000A8 000084 000084 000034 000034 000000 000034 000044
000044 000018 000018 000054 000054 000084 000084 00001C 00003C 00002C
00002C 00002C 00002C 000070 000070 000040 000040 000008 000048 0000A0
0000A0 00006C 00006C 000050 000050 000044 000044 000018 00003C 000044
000044 000050 000050 000084 000084 000048 000048 000008 00002C 000070
000070 000030 000030 000068 000068 00005C 00005C 000018 000000 000004

# Frame 69
000004 000000 000000 000004 000004 000000 000000 000000 000000 000004
000004 000000 000000 000004 000004 000000 000000 000000 000000 000008
000008 000014 000014 00002C 00002C 000050 000050 00000C 000008 000010
000010 000044 000044 000034 000034 000050 000050 000018 000004 000030
000030 0000A8 0000A8 00007C 00007C 000020 000020 000000 000038 0000B0
0000B0 000004 000004 00005C 00005C 000090 000090 000020 000034 000060
000060 000020 000020 000070 000070 000040 000040 000008 000050 00008C
00008C 00006C 00006C 000048 000048 000038 000038 000018 00003C 0000A0
0000A0 000044 000044 000014 000014 000030 000030 000008 00002C 000068
000068 000030 000030 000074 000074 00006C 00006C 000014 000000 000004

# Frame 70
000004 000000 000000 000004 000004 000000 000000 000000 000000 000004
000004 000000 000000 000004 000004 000000 000000 000000 000000 000008
000008 000014 000014 00002C 00002C 000050 000050 00000C 000004 000010
000010 000048 000048 00006C 00006C 000054 000054 000014 000004 000028
000028 0000A4 0000A4 000040 000040 000060 000060 000000 000040 00003C
00003C 00001C 00001C 000020 000020 00004C 00004C 000020 000034 000034
000034 00002C 00002C 000070 000070 000040 000040 000008 000050 00009C
00009C 000070 000070 000048 000048 000038 000038 000018 000040 0000A8
0000A8 00004C 00004C 000064 000064 000038 000038 000008 00002C 000044
000044 000024 000024 000010 000010 000074 000074 000014 000000 000004

# Frame 71
000004 000000 000000 000004 000004 000000 000000 000000 000000 000004
000004 000000 000000 000004 000004 000000 000000 000000 000000 000008
000008 000014 000014 00002C 00002C 000050 000050 00000C 000004 00000C
00000C 000074 000074 000050 000050 000030 000030 000010 000004 00005C
00005C 0000C8 0000C8 000080 000080 00002C 00002C 000000 000040 000080
000080 000004 000004 000054 000054 000084 000084 000020 000034 000048
000048 000030 000030 00000C 00000C 00004C 00004C 000008 000054 000044
000044 000084 000084 000044 000044 000080 000080 000018 000040 00009C
00009C 00004C 00004C 000074 000074 000054 000054 000008 00002C 000060
000060 000044 000044 000010 000010 00002C 00002C 000014 000000 000004

# Frame 72
000004 000000 000000 000004 000004 000000 000000 000000 000000 000004
000004 000000 000000 000004 000004 000000 000000 000000 000000 000008
000008 000014 000014 00002C 00002C 000050 000050 00000C 000004 000008
000008 00006C 00006C 00003C 00003C 000048 000048 000010 000004 000038
000038 0000BC 0000BC 000078 000078 00002C 00002C 000004 000044 00008C
00008C 000004 000004 000054 000054 00007C 00007C 000024 00003C 000070
000070 000038 000038 000004 000004 000048 000048 00000C 000054 000030
000030 00006C 00006C 000058 000058 000040 000040 000018 000044 00006C
00006C 000040 000040 00002C 00002C 00005C 00005C 000008 000030 00008C
00008C 00002C 00002C 00000C 00000C 000028 000028 000014 000000 000004

# Frame 73
000004 000000 000000 000004 000004 000000 000000 000000 000000 000004
000004 000000 000000 000004 000004 000000 000000 000000 000000 000008
000008 000014 000014 000024 000024 000050 000050 00000C 000000 000008
000008 00006C 00006C 000028 000028 00007C 00007C 000010 000004 000078
000078 0000B0 0000B0 000078 000078 000028 000028 000000 000038 00008C
00008C 00002C 00002C 000040 000040 00005C 00005C 000024 00003C 00007C
00007C 00003C 00003C 000064 000064 000030 000030 00000C 000050 000054
000054 000078 000078 00007C 00007C 000038 000038 000014 000044 00003C
00003C 000064 000064 000034 000034 000024 000024 000008 000034 00007C
00007C 000044 000044 000008 000008 000070 000070 000014 000000 000004

# Frame 74
000004 000000 000000 000004 000004 000000 000000 000000 000000 000004
000004 000000 000000 000004 000004 000000 000000 000000 000000 000008
000008 000014 000014 000024 000024 000050 000050 00000C 000000 000008
000008 00006C 00006C 000084 000084 000068 000068 000010 000004 000054
000054 0000A8 0000A8 000040 000040 000060 000060 000004 000038 000098
000098 000000 000000 000040 000040 00005C 00005C 000024 000048 00007C
00007C 00003C 00003C 000064 000064 000030 000030 00000C 000050 000084
000084 00008C 00008C 00007C 00007C 000038 000038 000014 000044 00003C
00003C 000060 000060 000070 000070 000030 000030 000008 000034 000070
000070 00003C 00003C 00000C 00000C 000028 000028 000014 000000 000004

# Frame 75
000004 000000 000000 000004 000004 000000 000000 000000 000000 000004
000004 000000 000000 000004 000004 000000 000000 000000 000000 000008
000008 000010 000010 000024 000024 000048 000048 00000C 000000 000008
000008 00006C 00006C 000020 000020 000074 000074 000018 000004 000058
000058 00009C 00009C 000068 000068 000064 000064 000004 00003C 00008C
00008C 000028 000028 000038 000038 00006C 00006C 000024 000044 000050
000050 000018 000018 000064 000064 000040 000040 00000C 000048 000048
000048 0000B0 0000B0 00005C 00005C 000080 000080 000014 000044 000060
000060 000040 000040 000070 000070 000030 000030 000008 000034 00001C
00001C 000020 000020 000064 000064 00006C 00006C 000014 000000 000004

# Frame 76
000004 000000 000000 000004 000004 000000 000000 000000 000000 000004
000004 000000 000000 000004 000004 000000 000000 000000 000000 000008
000008 000014 000014 000024 000024 000048 000048 00000C 000000 000008
000008 000060 000060 000024 000024 000080 000080 00001C 000004 000060
000060 000098 000098 00005C 00005C 000058 000058 000008 000040 000060
000060 000024 000024 000048 000048 000080 000080 000028 00004C 000034
000034 000024 000024 000064 000064 000048 000048 00000C 000044 000050
000050 0000B8 0000B8 00006C 00006C 000040 000040 000014 000044 000054
000054 000040 000040 00002C 00002C 00005C 00005C 000008 000030 000084
000084 000020 000020 00006C 00006C 00006C 00006C 000014 000000 000004

# Frame 77
000004 000000 000000 000004 000004 000000 000000 000000 000000 000004
000004 000000 000000 000004 000004 000000 000000 000000 000000 000008
000008 000014 000014 000024 000024 000048 000048 00000C 000000 000008
000008 00005C 00005C 000024 000024 000084 000084 00001C 000004 000048
000048 00008C 00008C 00002C 00002C 00003C 00003C 000008 000048 00006C
00006C 000014 000014 000054 000054 000088 000088 000028 000050 00007C
00007C 000034 000034 00005C 00005C 000038 000038 00000C 00003C 00007C
00007C 0000AC 0000AC 000074 000074 00001C 00001C 000014 000044 000034
000034 000054 000054 000050 000050 00002C 00002C 00000C 000030 00006C
00006C 000018 000018 00004C 00004C 000054 000054 000010 000000 000004

# Frame 78
000004 000000 000000 000004 000004 000000 000000 000000 000000 000004
000004 000000 000000 000004 000004 000000 000000 000000 000000 000008
000008 000014 000014 000024 000024 000048 000048 00000C 000000 000008
000008 000050 000050 000070 000070 000064 000064 000020 000004 00006C
00006C 000090 000090 000084 000084 000020 000020 000008 00004C 000034
000034 000008 000008 000004 000004 000068 000068 00002C 000050 000088
000088 000034 000034 00005C 00005C 00003C 00003C 00000C 000038 000054
000054 0000A0 0000A0 00007C 00007C 00002C 00002C 000014 000044 000060
000060 000040 000040 000078 000078 000028 000028 00000C 00002C 000054
000054 000014 000014 000040 000040 000040 000040 000010 000000 000004

# Frame 79
000004 000000 000000 000004 000004 000000 000000 000000 000000 000004
000004 000000 000000 000004 000004 000000 000000 000000 000000 000008
000008 000014 000014 00001C 00001C 000040 000040 00000C 000000 000008
000008 00003C 00003C 000048 000048 000040 000040 000024 000004 000078
000078 00008C 00008C 00005C 00005C 000048 000048 00000C 00004C 000078
000078 000028 000028 000014 000014 000070 000070 00002C 000050 0000A0
0000A0 000034 000034 00004C 00004C 00002C 00002C 00000C 000030 000048
000048 0000B4 0000B4 000084 000084 000030 000030 000014 000048 000060
000060 000044 000044 000084 000084 000048 000048 00000C 000028 000070
000070 000034 000034 000030 000030 000030 000030 00000C 000000 000004

# Frame 80
000004 000000 000000 000004 000004 000000 000000 000000 000000 000004
000004 000000 000000 000004 000004 000000 000000 000000 000000 000008
000008 000014 000014 00001C 00001C 000040 000040 00000C 000000 000008
000008 000034 000034 000038 000038 000060 000060 000028 000000 000078
000078 00008C 00008C 000048 000048 000060 000060 00000C 000054 00007C
00007C 00002C 00002C 000024 000024 000050 000050 00002C 000050 000070
000070 000028 000028 00004C 00004C 00002C 00002C 00000C 00002C 000014
000014 00008C 00008C 00002C 00002C 00004C 00004C 000014 000044 00006C
00006C 000048 000048 000018 000018 000058 000058 00000C 000028 00007C
00007C 000038 000038 000028 000028 000050 000050 00000C 000000 000004

# Frame 81
000004 000000 000000 000004 000004 000000 000000 000000 000000 000004
000004 000000 000000 000004 000004 000000 000000 000000 000000 000008
000008 000014 000014 00001C 00001C 000040 000040 00000C 000000 000008
000008 00002C 00002C 000028 000028 000054 000054 000028 000000 00008C
00008C 000094 000094 000024 000024 000040 000040 00000C 00005C 000078
000078 000028 000028 000024 000024 00004C 00004C 00002C 000050 00007C
00007C 00002C 00002C 00003C 00003C 000028 000028 00000C 000028 000044
000044 000094 000094 000038 000038 000060 000060 000014 000044 00006C
00006C 000048 000048 000020 000020 00005C 00005C 000010 000024 00007C
00007C 000038 000038 000014 000014 000038 000038 00000C 000000 000004

# Frame 82
000004 000000 000000 000004 000004 000000 000000 000000 000000 000004
000004 000000 000000 000004 000004 000000 000000 000000 000000 000008
000008 000014 000014 00001C 00001C 000040 000040 00000C 000000 000008
000008 000028 000028 000020 000020 000098 000098 000028 000000 000090
000090 000094 000094 000028 000028 00004C 00004C 00000C 000068 000084
000084 00002C 00002C 00002C 00002C 00005C 00005C 00002C 000050 000070
000070 000028 000028 00003C 00003C 000028 000028 00000C 000028 00002C
00002C 000088 000088 000054 000054 00007C 00007C 000014 000040 00006C
00006C 000048 000048 000028 000028 000064 000064 000010 000024 000088
000088 000038 000038 000070 000070 000024 000024 000008 000000 000004

# Frame 83
000004 000000 000000 000004 000004 000000 000000 000000 000000 000004
000004 000000 000000 000004 000004 000000 000000 000000 000000 000008
000008 000014 000014 000014 000014 00003C 00003C 00000C 000000 000008
000008 000020 000020 000010 000010 000088 000088 000028 000000 00009C
00009C 000098 000098 000028 000028 000054 000054 00000C 00006C 000078
000078 00002C 00002C 000024 000024 00005C 00005C 00002C 000050 000054
000054 000020 000020 00003C 00003C 000024 000024 00000C 000028 000020
000020 000080 000080 000054 000054 00007C 00007C 000018 000040 000060
000060 000044 000044 000028 000028 00006C 00006C 000014 000020 000088
000088 000038 000038 00005C 00005C 000054 000054 000008 000000 000004

# Frame 84
000004 000000 000000 000004 000004 000000 000000 000000 000000 000004
000004 000000 000000 000004 000004 000000 000000 000000 000000 000008
000008 000014 000014 000014 000014 000044 000044 00000C 000000 000008
000008 000020 000020 00000C 00000C 000088 000088 000028 000000 000038
000038 00009C 00009C 000028 000028 000054 000054 00000C 000074 00004C
00004C 000020 000020 000038 000038 00006C 00006C 00002C 000050 00005C
00005C 000020 000020 00003C 00003C 000024 000024 00000C 00002C 00004C
00004C 0000A0 0000A0 00006C 00006C 000048 000048 000018 000040 000054
000054 000044 000044 000020 000020 000060 000060 000014 00001C 000060
000060 000014 000014 000044 000044 00003C 00003C 000008 000000 000004

# Frame 85
000004 000000 000000 000004 000004 000000 000000 000000 000000 000004
000004 000000 000000 000004 000004 000000 000000 000000 000000 000008
000008 000014 000014 000014 000014 000044 000044 00000C 000000 000008
000008 00001C 00001C 000008 000008 000080 000080 000028 000004 0000A8
0000A8 00009C 00009C 000024 000024 00004C 00004C 00000C 000074 000044
000044 000008 000008 000048 000048 00007C 00007C 00002C 000050 000064
000064 000024 000024 00003C 00003C 000024 000024 00000C 00002C 0000A4
0000A4 000098 000098 000068 000068 00004C 00004C 000020 00003C 000048
000048 00006C 00006C 000084 000084 000050 000050 000014 000018 000078
000078 000018 000018 000030 000030 000024 000024 000008 000000 000004

# Frame 86
000004 000000 000000 000004 000004 000000 000000 000000 000000 000004
000004 000000 000000 000004 000004 000000 000000 000000 000000 000008
000008 000014 000014 000014 000014 000044 000044 00000C 000000 000008
000008 00001C 00001C 000004 000004 00007C 00007C 000028 000004 000038
000038 0000A0 0000A0 00001C 00001C 000044 000044 00000C 000070 00003C
00003C 000030 000030 000050 000050 000080 000080 00002C 000054 000070
000070 000028 000028 00003C 00003C 000024 000024 00000C 000030 000098
000098 000090 000090 000070 000070 00002C 00002C 000020 00003C 000070
000070 000060 000060 000078 000078 000048 000048 000014 00001C 00006C
00006C 000018 000018 000030 000030 000020 000020 000008 000000 000004

# Frame 87
000004 000000 000000 000004 000004 000000 000000 000000 000000 000004
000004 000000 000000 000004 000004 000000 000000 000000 000000 000008
000008 000014 000014 000010 000010 00003C 00003C 00000C 000000 000008
000008 00001C 00001C 000074 000074 00007C 00007C 000024 000004 000038
000038 0000A4 0000A4 00001C 00001C 000044 000044 00000C 000068 000074
000074 000030 000030 000058 000058 000084 000084 00002C 000058 000070
000070 000024 000024 000034 000034 000020 000020 00000C 000030 000080
000080 000088 000088 000078 000078 00003C 00003C 000024 000038 000064
000064 000060 000060 000070 000070 00003C 00003C 000014 00001C 00006C
00006C 000018 000018 000030 000030 000020 000020 000008 000000 000004

# Frame 88
000004 000000 000000 000004 000004 000000 000000 000000 000000 000004
000004 000000 000000 000004 000004 000000 000000 000000 000000 000008
000008 000014 000014 000010 000010 00003C 00003C 00000C 000000 000008
000008 00001C 00001C 000074 000074 00007C 00007C 000024 000004 000038
000038 0000A4 0000A4 00001C 00001C 000044 000044 00000C 00005C 000050
000050 000024 000024 000058 000058 000080 000080 00002C 00005C 00004C
00004C 00001C 00001C 000034 000034 000020 000020 00000C 000034 000040
000040 00007C 00007C 000078 000078 00003C 00003C 000024 000038 000028
000028 000050 000050 000068 000068 000034 000034 000014 00001C 000078
000078 000018 000018 000028 000028 00001C 00001C 000008 000000 000004

# Frame 89
000004 000000 000000 000004 000004 000000 000000 000000 000000 000004
000004 000000 000000 000004 000004 000000 000000 000000 000000 000008
000008 000014 000014 000010 000010 00003C 00003C 00000C 000000 000008
000008 00001C 00001C 000074 000074 00007C 00007C 000028 000004 000050
000050 0000A8 0000A8 00001C 00001C 000044 000044 00000C 000054 000074
000074 000030 000030 000058 000058 000080 000080 00002C 000060 000034
000034 000018 000018 000034 000034 000020 000020 00000C 000034 000058
000058 00007C 00007C 00007C 00007C 00003C 00003C 000024 000034 000090
000090 00004C 00004C 000068 000068 000034 000034 000014 000020 000078
000078 000018 000018 000020 000020 000014 000014 000004 000000 000004

# Frame 90
000004 000000 000000 000004 000004 000000 000000 000000 000000 000004
000004 000000 000000 000004 000004 000000 000000 000000 000000 000008
000008 000014 000014 000010 000010 00003C 00003C 00000C 000000 000008
000008 00001C 00001C 000074 000074 00007C 00007C 000028 000010 00004C
00004C 0000A4 0000A4 00001C 00001C 000044 000044 00000C 000060 000070
000070 000010 000010 000058 000058 000080 000080 00002C 000060 000034
000034 000018 000018 000034 000034 000020 000020 00000C 000034 000058
000058 00007C 00007C 00007C 00007C 00003C 00003C 000024 000034 000064
000064 000040 000040 000050 000050 000048 000048 000014 000020 00006C
00006C 000014 000014 000020 000020 000014 000014 000004 000000 000004

# Frame 91
000004 000000 000000 000004 000004 000000 000000 000000 000000 000004
000004 000000 000000 000004 000004 000000 000000 000000 000000 000008
000008 000014 000014 000010 000010 00003C 00003C 00000C 000000 000008
000008 00001C 00001C 000074 000074 00007C 00007C 000028 000020 00001C
00001C 0000AC 0000AC 00001C 00001C 000044 000044 00000C 000068 000058
000058 000010 000010 000058 000058 000080 000080 00002C 000064 000034
000034 000018 000018 000034 000034 000020 000020 00000C 000034 000058
000058 00007C 00007C 00007C 00007C 00003C 00003C 000024 000034 000058
000058 00003C 00003C 000050 000050 000048 000048 000014 000020 00006C
00006C 000014 000014 000020 000020 000014 000014 000004 000000 000004
